0 0.366977 0.802148 0.683762 0.318134
0 0.590691 0.447594 0.649603 0.266194
0 0.466292 0.591952 0.708892 0.334923
0 0.534820 0.374851 0.879217 0.370165
0 0.736389 0.596733 0.527223 0.478789
0 0.668606 0.712690 0.562164 0.492042
0 0.506361 0.724777 0.962479 0.474703
0 0.648483 0.676128 0.703035 0.553086
0 0.548931 0.628673 0.877606 0.423912
0 0.543221 0.541399 0.815788 0.425299
0 0.511294 0.330130 0.772786 0.270927
0 0.505641 0.473309 0.704781 0.343770
0 0.642373 0.415369 0.715255 0.296141
0 0.369486 0.286596 0.515853 0.172682
0 0.368436 0.251320 0.500024 0.105790
0 0.400392 0.313023 0.573408 0.227426
0 0.763986 0.616172 0.405453 0.295160
0 0.549873 0.400712 0.701227 0.332909
